pitsA
-----
0
[38, 116, 27, 12, 0.247, 0.76, 0.189, 0.811, 0.692, 0.337, 0.373]
1
[42, 94, 49, 8, 0.309, 0.84, 0.343, 0.657, 0.86, 0.472, 0.452]
2
[50, 143, 0, 0, 0.259, 1.0, 0.0, 1.0, 0, 0.259, 0.412]
3
[31, 92, 51, 19, 0.252, 0.62, 0.357, 0.643, 0.729, 0.425, 0.358]
4
[38, 123, 20, 12, 0.236, 0.76, 0.14, 0.86, 0.625, 0.301, 0.36]
5
[26, 61, 82, 24, 0.299, 0.52, 0.573, 0.427, 0.774, 0.56, 0.38]
6
[25, 44, 99, 25, 0.362, 0.5, 0.692, 0.308, 0.798, 0.642, 0.42]
7
[45, 68, 75, 5, 0.398, 0.9, 0.524, 0.476, 0.938, 0.622, 0.552]
8
[36, 96, 47, 14, 0.273, 0.72, 0.329, 0.671, 0.77, 0.43, 0.396]
9
[0, 0, 143, 50, 0, 0.0, 1.0, 0.0, 0.741, 0.741, 0.0]
10
[0, 0, 143, 50, 0, 0.0, 1.0, 0.0, 0.741, 0.741, 0.0]
11
[40, 123, 20, 10, 0.245, 0.8, 0.14, 0.86, 0.667, 0.311, 0.376]
12
[45, 81, 62, 5, 0.357, 0.9, 0.434, 0.566, 0.925, 0.554, 0.511]
13
[0, 0, 143, 50, 0, 0.0, 1.0, 0.0, 0.741, 0.741, 0.0]
14
[50, 143, 0, 0, 0.259, 1.0, 0.0, 1.0, 0, 0.259, 0.412]
15
[46, 116, 27, 4, 0.284, 0.92, 0.189, 0.811, 0.871, 0.378, 0.434]
16
[46, 131, 12, 4, 0.26, 0.92, 0.084, 0.916, 0.75, 0.301, 0.405]
17
[26, 81, 62, 24, 0.243, 0.52, 0.434, 0.566, 0.721, 0.456, 0.331]
18
[24, 64, 79, 26, 0.273, 0.48, 0.552, 0.448, 0.752, 0.534, 0.348]
19
[50, 143, 0, 0, 0.259, 1.0, 0.0, 1.0, 0, 0.259, 0.412]
20
[29, 74, 69, 21, 0.282, 0.58, 0.483, 0.517, 0.767, 0.508, 0.379]
21
[50, 141, 2, 0, 0.262, 1.0, 0.014, 0.986, 1.0, 0.269, 0.415]
22
[33, 98, 45, 17, 0.252, 0.66, 0.315, 0.685, 0.726, 0.404, 0.365]
23
[43, 110, 33, 7, 0.281, 0.86, 0.231, 0.769, 0.825, 0.394, 0.424]
24
[11, 11, 132, 39, 0.5, 0.22, 0.923, 0.077, 0.772, 0.741, 0.306]
25
[48, 136, 7, 2, 0.261, 0.96, 0.049, 0.951, 0.778, 0.285, 0.41]
26
[24, 69, 74, 26, 0.258, 0.48, 0.517, 0.483, 0.74, 0.508, 0.336]
27
[37, 85, 58, 13, 0.303, 0.74, 0.406, 0.594, 0.817, 0.492, 0.43]
28
[39, 67, 76, 11, 0.368, 0.78, 0.531, 0.469, 0.874, 0.596, 0.5]
29
[6, 26, 117, 44, 0.188, 0.12, 0.818, 0.182, 0.727, 0.637, 0.146]
30
[50, 143, 0, 0, 0.259, 1.0, 0.0, 1.0, 0, 0.259, 0.412]
31
[28, 60, 83, 22, 0.318, 0.56, 0.58, 0.42, 0.79, 0.575, 0.406]
32
[28, 59, 84, 22, 0.322, 0.56, 0.587, 0.413, 0.792, 0.58, 0.409]
33
[24, 53, 90, 26, 0.312, 0.48, 0.629, 0.371, 0.776, 0.591, 0.378]
34
[46, 132, 11, 4, 0.258, 0.92, 0.077, 0.923, 0.733, 0.295, 0.404]
35
[23, 50, 93, 27, 0.315, 0.46, 0.65, 0.35, 0.775, 0.601, 0.374]
36
[0, 0, 143, 50, 0, 0.0, 1.0, 0.0, 0.741, 0.741, 0.0]
37
[29, 86, 57, 21, 0.252, 0.58, 0.399, 0.601, 0.731, 0.446, 0.352]
38
[17, 69, 74, 33, 0.198, 0.34, 0.517, 0.483, 0.692, 0.472, 0.25]
39
[43, 121, 22, 7, 0.262, 0.86, 0.154, 0.846, 0.759, 0.337, 0.402]
0
[24, 74, 69, 26, 0.245, 0.48, 0.483, 0.517, 0.726, 0.482, 0.324]
1
[45, 119, 24, 5, 0.274, 0.9, 0.168, 0.832, 0.828, 0.358, 0.421]
2
[0, 0, 143, 50, 0, 0.0, 1.0, 0.0, 0.741, 0.741, 0.0]
3
[30, 62, 81, 20, 0.326, 0.6, 0.566, 0.434, 0.802, 0.575, 0.423]
4
[45, 129, 14, 5, 0.259, 0.9, 0.098, 0.902, 0.737, 0.306, 0.402]
5
[32, 81, 62, 18, 0.283, 0.64, 0.434, 0.566, 0.775, 0.487, 0.393]
6
[28, 58, 85, 22, 0.326, 0.56, 0.594, 0.406, 0.794, 0.585, 0.412]
7
[32, 48, 95, 18, 0.4, 0.64, 0.664, 0.336, 0.841, 0.658, 0.492]
8
[33, 87, 56, 17, 0.275, 0.66, 0.392, 0.608, 0.767, 0.461, 0.388]
9
[48, 108, 35, 2, 0.308, 0.96, 0.245, 0.755, 0.946, 0.43, 0.466]
10
[23, 95, 48, 27, 0.195, 0.46, 0.336, 0.664, 0.64, 0.368, 0.274]
11
[21, 82, 61, 29, 0.204, 0.42, 0.427, 0.573, 0.678, 0.425, 0.275]
12
[26, 70, 73, 24, 0.271, 0.52, 0.51, 0.49, 0.753, 0.513, 0.356]
13
[34, 68, 75, 16, 0.333, 0.68, 0.524, 0.476, 0.824, 0.565, 0.447]
14
[44, 126, 17, 6, 0.259, 0.88, 0.119, 0.881, 0.739, 0.316, 0.4]
15
[0, 0, 143, 50, 0, 0.0, 1.0, 0.0, 0.741, 0.741, 0.0]
16
[0, 0, 143, 50, 0, 0.0, 1.0, 0.0, 0.741, 0.741, 0.0]
17
[29, 78, 65, 21, 0.271, 0.58, 0.455, 0.545, 0.756, 0.487, 0.369]
18
[38, 89, 54, 12, 0.299, 0.76, 0.378, 0.622, 0.818, 0.477, 0.429]
19
[44, 86, 57, 6, 0.338, 0.88, 0.399, 0.601, 0.905, 0.523, 0.489]
20
[43, 75, 68, 7, 0.364, 0.86, 0.476, 0.524, 0.907, 0.575, 0.512]
21
[47, 134, 9, 3, 0.26, 0.94, 0.063, 0.937, 0.75, 0.29, 0.407]
22
[0, 0, 143, 50, 0, 0.0, 1.0, 0.0, 0.741, 0.741, 0.0]
23
[28, 59, 84, 22, 0.322, 0.56, 0.587, 0.413, 0.792, 0.58, 0.409]
24
[39, 110, 33, 11, 0.262, 0.78, 0.231, 0.769, 0.75, 0.373, 0.392]
25
[44, 133, 10, 6, 0.249, 0.88, 0.07, 0.93, 0.625, 0.28, 0.388]
26
[44, 80, 63, 6, 0.355, 0.88, 0.441, 0.559, 0.913, 0.554, 0.506]
27
[48, 134, 9, 2, 0.264, 0.96, 0.063, 0.937, 0.818, 0.295, 0.414]
28
[31, 81, 62, 19, 0.277, 0.62, 0.434, 0.566, 0.765, 0.482, 0.383]
29
[0, 0, 143, 50, 0, 0.0, 1.0, 0.0, 0.741, 0.741, 0.0]
30
[24, 67, 76, 26, 0.264, 0.48, 0.531, 0.469, 0.745, 0.518, 0.34]
31
[39, 80, 63, 11, 0.328, 0.78, 0.441, 0.559, 0.851, 0.528, 0.462]
32
[34, 56, 87, 16, 0.378, 0.68, 0.608, 0.392, 0.845, 0.627, 0.486]
33
[0, 0, 143, 50, 0, 0.0, 1.0, 0.0, 0.741, 0.741, 0.0]
34
[44, 130, 13, 6, 0.253, 0.88, 0.091, 0.909, 0.684, 0.295, 0.393]
35
[39, 90, 53, 11, 0.302, 0.78, 0.371, 0.629, 0.828, 0.477, 0.436]
36
[50, 143, 0, 0, 0.259, 1.0, 0.0, 1.0, 0, 0.259, 0.412]
37
[47, 74, 69, 3, 0.388, 0.94, 0.483, 0.517, 0.958, 0.601, 0.55]
38
[0, 0, 143, 50, 0, 0.0, 1.0, 0.0, 0.741, 0.741, 0.0]
39
[19, 16, 127, 31, 0.543, 0.38, 0.888, 0.112, 0.804, 0.756, 0.447]
0
[24, 39, 104, 26, 0.381, 0.48, 0.727, 0.273, 0.8, 0.663, 0.425]
1
[33, 62, 81, 17, 0.347, 0.66, 0.566, 0.434, 0.827, 0.591, 0.455]
2
[12, 38, 105, 38, 0.24, 0.24, 0.734, 0.266, 0.734, 0.606, 0.24]
3
[26, 43, 100, 24, 0.377, 0.52, 0.699, 0.301, 0.806, 0.653, 0.437]
4
[47, 88, 55, 3, 0.348, 0.94, 0.385, 0.615, 0.948, 0.528, 0.508]
5
[17, 66, 77, 33, 0.205, 0.34, 0.538, 0.462, 0.7, 0.487, 0.256]
6
[46, 111, 32, 4, 0.293, 0.92, 0.224, 0.776, 0.889, 0.404, 0.444]
7
[0, 4, 139, 50, 0.0, 0.0, 0.972, 0.028, 0.735, 0.72, 0.0]
8
[0, 0, 143, 50, 0, 0.0, 1.0, 0.0, 0.741, 0.741, 0.0]
9
[47, 76, 67, 3, 0.382, 0.94, 0.469, 0.531, 0.957, 0.591, 0.543]
10
[31, 95, 48, 19, 0.246, 0.62, 0.336, 0.664, 0.716, 0.409, 0.352]
11
[35, 73, 70, 15, 0.324, 0.7, 0.49, 0.51, 0.824, 0.544, 0.443]
12
[42, 70, 73, 8, 0.375, 0.84, 0.51, 0.49, 0.901, 0.596, 0.519]
13
[0, 0, 143, 50, 0, 0.0, 1.0, 0.0, 0.741, 0.741, 0.0]
14
[0, 0, 143, 50, 0, 0.0, 1.0, 0.0, 0.741, 0.741, 0.0]
15
[10, 46, 97, 40, 0.179, 0.2, 0.678, 0.322, 0.708, 0.554, 0.189]
16
[0, 0, 143, 50, 0, 0.0, 1.0, 0.0, 0.741, 0.741, 0.0]
17
[39, 107, 36, 11, 0.267, 0.78, 0.252, 0.748, 0.766, 0.389, 0.398]
18
[39, 51, 92, 11, 0.433, 0.78, 0.643, 0.357, 0.893, 0.679, 0.557]
19
[48, 136, 7, 2, 0.261, 0.96, 0.049, 0.951, 0.778, 0.285, 0.41]
20
[26, 82, 61, 24, 0.241, 0.52, 0.427, 0.573, 0.718, 0.451, 0.329]
21
[31, 62, 81, 19, 0.333, 0.62, 0.566, 0.434, 0.81, 0.58, 0.434]
22
[35, 112, 31, 15, 0.238, 0.7, 0.217, 0.783, 0.674, 0.342, 0.355]
23
[27, 83, 60, 23, 0.245, 0.54, 0.42, 0.58, 0.723, 0.451, 0.338]
24
[33, 87, 56, 17, 0.275, 0.66, 0.392, 0.608, 0.767, 0.461, 0.388]
25
[0, 0, 143, 50, 0, 0.0, 1.0, 0.0, 0.741, 0.741, 0.0]
26
[41, 107, 36, 9, 0.277, 0.82, 0.252, 0.748, 0.8, 0.399, 0.414]
27
[27, 70, 73, 23, 0.278, 0.54, 0.51, 0.49, 0.76, 0.518, 0.367]
28
[50, 143, 0, 0, 0.259, 1.0, 0.0, 1.0, 0, 0.259, 0.412]
29
[42, 95, 48, 8, 0.307, 0.84, 0.336, 0.664, 0.857, 0.466, 0.449]
30
[14, 52, 91, 36, 0.212, 0.28, 0.636, 0.364, 0.717, 0.544, 0.241]
31
[30, 98, 45, 20, 0.234, 0.6, 0.315, 0.685, 0.692, 0.389, 0.337]
32
[40, 89, 54, 10, 0.31, 0.8, 0.378, 0.622, 0.844, 0.487, 0.447]
33
[40, 126, 17, 10, 0.241, 0.8, 0.119, 0.881, 0.63, 0.295, 0.37]
34
[37, 102, 41, 13, 0.266, 0.74, 0.287, 0.713, 0.759, 0.404, 0.392]
35
[34, 57, 86, 16, 0.374, 0.68, 0.601, 0.399, 0.843, 0.622, 0.482]
36
[25, 81, 62, 25, 0.236, 0.5, 0.434, 0.566, 0.713, 0.451, 0.321]
37
[37, 70, 73, 13, 0.346, 0.74, 0.51, 0.49, 0.849, 0.57, 0.471]
38
[42, 96, 47, 8, 0.304, 0.84, 0.329, 0.671, 0.855, 0.461, 0.447]
39
[23, 66, 77, 27, 0.258, 0.46, 0.538, 0.462, 0.74, 0.518, 0.331]
0
[47, 133, 10, 3, 0.261, 0.94, 0.07, 0.93, 0.769, 0.295, 0.409]
1
[30, 64, 79, 20, 0.319, 0.6, 0.552, 0.448, 0.798, 0.565, 0.417]
2
[36, 117, 26, 14, 0.235, 0.72, 0.182, 0.818, 0.65, 0.321, 0.355]
3
[45, 104, 39, 5, 0.302, 0.9, 0.273, 0.727, 0.886, 0.435, 0.452]
4
[24, 77, 66, 26, 0.238, 0.48, 0.462, 0.538, 0.717, 0.466, 0.318]
5
[19, 49, 94, 31, 0.279, 0.38, 0.657, 0.343, 0.752, 0.585, 0.322]
6
[25, 72, 71, 25, 0.258, 0.5, 0.497, 0.503, 0.74, 0.497, 0.34]
7
[41, 72, 71, 9, 0.363, 0.82, 0.497, 0.503, 0.888, 0.58, 0.503]
8
[34, 86, 57, 16, 0.283, 0.68, 0.399, 0.601, 0.781, 0.472, 0.4]
9
[40, 102, 41, 10, 0.282, 0.8, 0.287, 0.713, 0.804, 0.42, 0.417]
10
[48, 136, 7, 2, 0.261, 0.96, 0.049, 0.951, 0.778, 0.285, 0.41]
11
[50, 143, 0, 0, 0.259, 1.0, 0.0, 1.0, 0, 0.259, 0.412]
12
[49, 113, 30, 1, 0.302, 0.98, 0.21, 0.79, 0.968, 0.409, 0.462]
13
[33, 76, 67, 17, 0.303, 0.66, 0.469, 0.531, 0.798, 0.518, 0.415]
14
[0, 0, 143, 50, 0, 0.0, 1.0, 0.0, 0.741, 0.741, 0.0]
15
[34, 103, 40, 16, 0.248, 0.68, 0.28, 0.72, 0.714, 0.383, 0.364]
16
[50, 143, 0, 0, 0.259, 1.0, 0.0, 1.0, 0, 0.259, 0.412]
17
[47, 137, 6, 3, 0.255, 0.94, 0.042, 0.958, 0.667, 0.275, 0.402]
18
[27, 73, 70, 23, 0.27, 0.54, 0.49, 0.51, 0.753, 0.503, 0.36]
19
[48, 78, 65, 2, 0.381, 0.96, 0.455, 0.545, 0.97, 0.585, 0.545]
20
[0, 0, 143, 50, 0, 0.0, 1.0, 0.0, 0.741, 0.741, 0.0]
21
[22, 62, 81, 28, 0.262, 0.44, 0.566, 0.434, 0.743, 0.534, 0.328]
22
[0, 0, 143, 50, 0, 0.0, 1.0, 0.0, 0.741, 0.741, 0.0]
23
[35, 69, 74, 15, 0.337, 0.7, 0.517, 0.483, 0.831, 0.565, 0.455]
24
[19, 35, 108, 31, 0.352, 0.38, 0.755, 0.245, 0.777, 0.658, 0.365]
25
[0, 0, 143, 50, 0, 0.0, 1.0, 0.0, 0.741, 0.741, 0.0]
26
[43, 115, 28, 7, 0.272, 0.86, 0.196, 0.804, 0.8, 0.368, 0.413]
27
[50, 143, 0, 0, 0.259, 1.0, 0.0, 1.0, 0, 0.259, 0.412]
28
[23, 80, 63, 27, 0.223, 0.46, 0.441, 0.559, 0.7, 0.446, 0.301]
29
[24, 91, 52, 26, 0.209, 0.48, 0.364, 0.636, 0.667, 0.394, 0.291]
30
[50, 143, 0, 0, 0.259, 1.0, 0.0, 1.0, 0, 0.259, 0.412]
31
[23, 82, 61, 27, 0.219, 0.46, 0.427, 0.573, 0.693, 0.435, 0.297]
32
[25, 81, 62, 25, 0.236, 0.5, 0.434, 0.566, 0.713, 0.451, 0.321]
33
[38, 64, 79, 12, 0.373, 0.76, 0.552, 0.448, 0.868, 0.606, 0.5]
34
[40, 125, 18, 10, 0.242, 0.8, 0.126, 0.874, 0.643, 0.301, 0.372]
35
[0, 0, 143, 50, 0, 0.0, 1.0, 0.0, 0.741, 0.741, 0.0]
36
[0, 0, 143, 50, 0, 0.0, 1.0, 0.0, 0.741, 0.741, 0.0]
37
[48, 118, 25, 2, 0.289, 0.96, 0.175, 0.825, 0.926, 0.378, 0.444]
38
[38, 123, 20, 12, 0.236, 0.76, 0.14, 0.86, 0.625, 0.301, 0.36]
39
[37, 103, 40, 13, 0.264, 0.74, 0.28, 0.72, 0.755, 0.399, 0.389]
0
[43, 76, 67, 7, 0.361, 0.86, 0.469, 0.531, 0.905, 0.57, 0.509]
1
[29, 61, 82, 21, 0.322, 0.58, 0.573, 0.427, 0.796, 0.575, 0.414]
2
[32, 73, 70, 18, 0.305, 0.64, 0.49, 0.51, 0.795, 0.528, 0.413]
3
[39, 92, 51, 11, 0.298, 0.78, 0.357, 0.643, 0.823, 0.466, 0.431]
4
[26, 63, 80, 24, 0.292, 0.52, 0.559, 0.441, 0.769, 0.549, 0.374]
5
[37, 52, 91, 13, 0.416, 0.74, 0.636, 0.364, 0.875, 0.663, 0.532]
6
[23, 82, 61, 27, 0.219, 0.46, 0.427, 0.573, 0.693, 0.435, 0.297]
7
[50, 143, 0, 0, 0.259, 1.0, 0.0, 1.0, 0, 0.259, 0.412]
8
[45, 101, 42, 5, 0.308, 0.9, 0.294, 0.706, 0.894, 0.451, 0.459]
9
[47, 97, 46, 3, 0.326, 0.94, 0.322, 0.678, 0.939, 0.482, 0.485]
10
[48, 103, 40, 2, 0.318, 0.96, 0.28, 0.72, 0.952, 0.456, 0.478]
11
[33, 62, 81, 17, 0.347, 0.66, 0.566, 0.434, 0.827, 0.591, 0.455]
12
[30, 68, 75, 20, 0.306, 0.6, 0.524, 0.476, 0.789, 0.544, 0.405]
13
[48, 127, 16, 2, 0.274, 0.96, 0.112, 0.888, 0.889, 0.332, 0.427]
14
[0, 0, 143, 50, 0, 0.0, 1.0, 0.0, 0.741, 0.741, 0.0]
15
[23, 57, 86, 27, 0.288, 0.46, 0.601, 0.399, 0.761, 0.565, 0.354]
16
[42, 71, 72, 8, 0.372, 0.84, 0.503, 0.497, 0.9, 0.591, 0.515]
17
[11, 75, 68, 39, 0.128, 0.22, 0.476, 0.524, 0.636, 0.409, 0.162]
18
[23, 35, 108, 27, 0.397, 0.46, 0.755, 0.245, 0.8, 0.679, 0.426]
19
[42, 118, 25, 8, 0.262, 0.84, 0.175, 0.825, 0.758, 0.347, 0.4]
20
[39, 122, 21, 11, 0.242, 0.78, 0.147, 0.853, 0.656, 0.311, 0.37]
21
[45, 87, 56, 5, 0.341, 0.9, 0.392, 0.608, 0.918, 0.523, 0.495]
22
[22, 74, 69, 28, 0.229, 0.44, 0.483, 0.517, 0.711, 0.472, 0.301]
23
[24, 90, 53, 26, 0.211, 0.48, 0.371, 0.629, 0.671, 0.399, 0.293]
24
[28, 44, 99, 22, 0.389, 0.56, 0.692, 0.308, 0.818, 0.658, 0.459]
25
[19, 79, 64, 31, 0.194, 0.38, 0.448, 0.552, 0.674, 0.43, 0.257]
26
[44, 119, 24, 6, 0.27, 0.88, 0.168, 0.832, 0.8, 0.352, 0.413]
27
[44, 77, 66, 6, 0.364, 0.88, 0.462, 0.538, 0.917, 0.57, 0.515]
28
[27, 90, 53, 23, 0.231, 0.54, 0.371, 0.629, 0.697, 0.415, 0.323]
29
[21, 73, 70, 29, 0.223, 0.42, 0.49, 0.51, 0.707, 0.472, 0.292]
30
[21, 42, 101, 29, 0.333, 0.42, 0.706, 0.294, 0.777, 0.632, 0.372]
31
[17, 97, 46, 33, 0.149, 0.34, 0.322, 0.678, 0.582, 0.326, 0.207]
32
[35, 110, 33, 15, 0.241, 0.7, 0.231, 0.769, 0.688, 0.352, 0.359]
33
[22, 77, 66, 28, 0.222, 0.44, 0.462, 0.538, 0.702, 0.456, 0.295]
34
[0, 0, 143, 50, 0, 0.0, 1.0, 0.0, 0.741, 0.741, 0.0]
35
[35, 113, 30, 15, 0.236, 0.7, 0.21, 0.79, 0.667, 0.337, 0.354]
36
[36, 64, 79, 14, 0.36, 0.72, 0.552, 0.448, 0.849, 0.596, 0.48]
37
[47, 76, 67, 3, 0.382, 0.94, 0.469, 0.531, 0.957, 0.591, 0.543]
38
[41, 66, 77, 9, 0.383, 0.82, 0.538, 0.462, 0.895, 0.611, 0.522]
39
[44, 73, 70, 6, 0.376, 0.88, 0.49, 0.51, 0.921, 0.591, 0.527]
0
[33, 70, 73, 17, 0.32, 0.66, 0.51, 0.49, 0.811, 0.549, 0.431]
1
[35, 53, 90, 15, 0.398, 0.7, 0.629, 0.371, 0.857, 0.648, 0.507]
2
[39, 79, 64, 11, 0.331, 0.78, 0.448, 0.552, 0.853, 0.534, 0.464]
3
[39, 105, 38, 11, 0.271, 0.78, 0.266, 0.734, 0.776, 0.399, 0.402]
4
[32, 43, 100, 18, 0.427, 0.64, 0.699, 0.301, 0.847, 0.684, 0.512]
5
[24, 54, 89, 26, 0.308, 0.48, 0.622, 0.378, 0.774, 0.585, 0.375]
6
[50, 142, 1, 0, 0.26, 1.0, 0.007, 0.993, 1.0, 0.264, 0.413]
7
[15, 57, 86, 35, 0.208, 0.3, 0.601, 0.399, 0.711, 0.523, 0.246]
8
[41, 122, 21, 9, 0.252, 0.82, 0.147, 0.853, 0.7, 0.321, 0.385]
9
[0, 0, 143, 50, 0, 0.0, 1.0, 0.0, 0.741, 0.741, 0.0]
10
[38, 54, 89, 12, 0.413, 0.76, 0.622, 0.378, 0.881, 0.658, 0.535]
11
[43, 70, 73, 7, 0.381, 0.86, 0.51, 0.49, 0.912, 0.601, 0.528]
12
[34, 98, 45, 16, 0.258, 0.68, 0.315, 0.685, 0.738, 0.409, 0.374]
13
[47, 133, 10, 3, 0.261, 0.94, 0.07, 0.93, 0.769, 0.295, 0.409]
14
[47, 133, 10, 3, 0.261, 0.94, 0.07, 0.93, 0.769, 0.295, 0.409]
15
[41, 88, 55, 9, 0.318, 0.82, 0.385, 0.615, 0.859, 0.497, 0.458]
16
[0, 0, 143, 50, 0, 0.0, 1.0, 0.0, 0.741, 0.741, 0.0]
17
[37, 68, 75, 13, 0.352, 0.74, 0.524, 0.476, 0.852, 0.58, 0.477]
18
[27, 43, 100, 23, 0.386, 0.54, 0.699, 0.301, 0.813, 0.658, 0.45]
19
[38, 56, 87, 12, 0.404, 0.76, 0.608, 0.392, 0.879, 0.648, 0.528]
20
[34, 69, 74, 16, 0.33, 0.68, 0.517, 0.483, 0.822, 0.56, 0.444]
21
[25, 68, 75, 25, 0.269, 0.5, 0.524, 0.476, 0.75, 0.518, 0.35]
22
[26, 96, 47, 24, 0.213, 0.52, 0.329, 0.671, 0.662, 0.378, 0.302]
23
[47, 132, 11, 3, 0.263, 0.94, 0.077, 0.923, 0.786, 0.301, 0.41]
24
[48, 132, 11, 2, 0.267, 0.96, 0.077, 0.923, 0.846, 0.306, 0.417]
25
[48, 133, 10, 2, 0.265, 0.96, 0.07, 0.93, 0.833, 0.301, 0.416]
26
[38, 88, 55, 12, 0.302, 0.76, 0.385, 0.615, 0.821, 0.482, 0.432]
27
[0, 0, 143, 50, 0, 0.0, 1.0, 0.0, 0.741, 0.741, 0.0]
28
[44, 55, 88, 6, 0.444, 0.88, 0.615, 0.385, 0.936, 0.684, 0.591]
29
[0, 0, 143, 50, 0, 0.0, 1.0, 0.0, 0.741, 0.741, 0.0]
30
[38, 117, 26, 12, 0.245, 0.76, 0.182, 0.818, 0.684, 0.332, 0.371]
31
[25, 73, 70, 25, 0.255, 0.5, 0.49, 0.51, 0.737, 0.492, 0.338]
32
[47, 116, 27, 3, 0.288, 0.94, 0.189, 0.811, 0.9, 0.383, 0.441]
33
[37, 53, 90, 13, 0.411, 0.74, 0.629, 0.371, 0.874, 0.658, 0.529]
34
[50, 143, 0, 0, 0.259, 1.0, 0.0, 1.0, 0, 0.259, 0.412]
35
[30, 88, 55, 20, 0.254, 0.6, 0.385, 0.615, 0.733, 0.44, 0.357]
36
[0, 0, 143, 50, 0, 0.0, 1.0, 0.0, 0.741, 0.741, 0.0]
37
[32, 80, 63, 18, 0.286, 0.64, 0.441, 0.559, 0.778, 0.492, 0.395]
38
[0, 0, 143, 50, 0, 0.0, 1.0, 0.0, 0.741, 0.741, 0.0]
39
[17, 28, 115, 33, 0.378, 0.34, 0.804, 0.196, 0.777, 0.684, 0.358]
0
[36, 63, 80, 14, 0.364, 0.72, 0.559, 0.441, 0.851, 0.601, 0.483]
1
[43, 89, 54, 7, 0.326, 0.86, 0.378, 0.622, 0.885, 0.503, 0.473]
2
[41, 119, 24, 9, 0.256, 0.82, 0.168, 0.832, 0.727, 0.337, 0.39]
3
[43, 126, 17, 7, 0.254, 0.86, 0.119, 0.881, 0.708, 0.311, 0.393]
4
[0, 0, 143, 50, 0, 0.0, 1.0, 0.0, 0.741, 0.741, 0.0]
5
[50, 143, 0, 0, 0.259, 1.0, 0.0, 1.0, 0, 0.259, 0.412]
6
[30, 98, 45, 20, 0.234, 0.6, 0.315, 0.685, 0.692, 0.389, 0.337]
7
[26, 69, 74, 24, 0.274, 0.52, 0.517, 0.483, 0.755, 0.518, 0.359]
8
[20, 66, 77, 30, 0.233, 0.4, 0.538, 0.462, 0.72, 0.503, 0.294]
9
[47, 132, 11, 3, 0.263, 0.94, 0.077, 0.923, 0.786, 0.301, 0.41]
10
[50, 143, 0, 0, 0.259, 1.0, 0.0, 1.0, 0, 0.259, 0.412]
11
[0, 0, 143, 50, 0, 0.0, 1.0, 0.0, 0.741, 0.741, 0.0]
12
[50, 79, 64, 0, 0.388, 1.0, 0.448, 0.552, 1.0, 0.591, 0.559]
13
[30, 76, 67, 20, 0.283, 0.6, 0.469, 0.531, 0.77, 0.503, 0.385]